[gd_resource type="Resource" load_steps=2 format=2]

[ext_resource path="res://addons/vsk_avatar/hand_pose.gd" type="Script" id=1]

[resource]
script = ExtResource( 1 )
thumb_proximal = Transform( 0.953726, -0.29936, 0.0281149, 0.248055, 0.83621, 0.489102, -0.169928, -0.459495, 0.871773, 0, 0, 0 )
thumb_intermediate = Transform( 1, 2.24482e-08, 9.02171e-08, -6.37635e-08, 0.871806, 0.489852, -6.76555e-08, -0.489852, 0.871806, -1.19209e-07, 4.84288e-08, -7.10543e-15 )
thumb_distal = Transform( 1, 4.75446e-08, -4.03128e-08, -4.25277e-08, 0.993199, 0.116427, 4.55741e-08, -0.116427, 0.993199, 0, 1.3411e-07, 5.96047e-08 )
index_proximal = Transform( 1, 3.11275e-08, 5.95992e-08, 5.95992e-08, 0, -1, -3.11275e-08, 1, 0, 0, 0, 0 )
index_intermediate = Transform( 1, 5.95992e-08, -3.11406e-08, -3.11406e-08, 0, -1, -5.95992e-08, 1, 0, 0, -1.19209e-07, 5.96046e-08 )
index_distal = Transform( 1, 9.05091e-09, -1.18392e-08, -1.32064e-08, 0.906307, -0.422619, 6.90488e-09, 0.422619, 0.906307, 5.68434e-14, -5.96046e-08, -7.10543e-15 )
middle_proximal = Transform( 1, 3.11333e-08, 5.96009e-08, 5.96009e-08, 0, -1, -3.11333e-08, 1, 0, 0, 0, 0 )
middle_intermediate = Transform( 1, 5.96003e-08, -3.11325e-08, -3.11325e-08, 0, -1, -5.96003e-08, 1, 0, 3.72529e-09, 0, 0 )
middle_distal = Transform( 1, 9.0575e-09, -1.18383e-08, -1.3212e-08, 0.906307, -0.422619, 6.90125e-09, 0.422619, 0.906307, 0, 0, 0 )
ring_proximal = Transform( 1, 3.11333e-08, 5.96003e-08, 5.96003e-08, 0, -1, -3.11333e-08, 1, 0, 0, 0, 0 )
ring_intermediate = Transform( 1, 5.95973e-08, -3.11363e-08, -3.11363e-08, 0, -1, -5.95973e-08, 1, 0, 0, 0, 0 )
ring_distal = Transform( 1, 9.057e-09, -1.184e-08, -1.32123e-08, 0.906307, -0.422619, 6.90305e-09, 0.422619, 0.906307, 0, 0, 0 )
little_proximal = Transform( 1, 3.11379e-08, 5.96e-08, 5.96e-08, 0, -1, -3.11379e-08, 1, 0, 0, 0, 0 )
little_intermediate = Transform( 1, 5.96024e-08, -3.11363e-08, -3.11363e-08, 0, -1, -5.96024e-08, 1, 0, 0, 0, 0 )
little_distal = Transform( 1, 9.05577e-09, -1.18395e-08, -1.32109e-08, 0.906307, -0.422619, 6.90305e-09, 0.422619, 0.906307, 0, 0, 0 )
